['Tetraodontidae_Canthigaster_cyanospilota_EPLATE_51_B07', 'Monocanthidae_Cantheschenia_grandisquamis_EPLATE_53_C03', 'Ostraciidae_Lactophrys_triqueter_UPRFL0072']
anchors:  [ 35  74 270]
true_p:  [0.17187073 0.68666435 0.14146491]
true_x:  [0.10345559 0.08948872 0.50837705]
true_y:  0.0018824798635516153
Simulation Runtime:  0.09423947334289551
