['Teleost_Euteleost_Eupercaria_Centrarchiformes_Terapontidae_Terapon_jarbua', 'Teleost_Euteleost_Zeiogadaria_Gadiformes_Gadidae_Boreogadus_saida']
anchors:  [246 402]
true_p:  [0.47418219 0.52581781]
true_x:  [0.56016038 0.77919128]
true_y:  0.030912387933011876
Simulation Runtime:  0.6938512325286865
