['Tetraodontidae_Sphoeroides_marmoratus_USNMAD9NE03', 'Balistidae_Pseudobalistes_fuscus_USNMAG9RP93']
anchors:  [120 187]
true_p:  [0.49487737 0.50512263]
true_x:  [0.13208771 0.12153144]
true_y:  0.0020049475409290533
Simulation Runtime:  0.10475397109985352
