['Teleost_Euteleost_Carangaria_Centropomidae_Centropomus_undecimalis', 'Teleost_Osteoglossiformes_Osteoglossiformes_Notopteridae_Papyrocranus_afer', 'Teleost_Euteleost_Ovalentaria_Cichliformes_Cichlidae_Maylandia_zebra']
anchors:  [ 85 130 581]
true_p:  [0.32814231 0.16518829 0.5066694 ]
true_x:  [0.45404412 0.91317907 0.75496881]
true_y:  0.10269238809231351
Simulation Runtime:  0.5608301162719727
