['GOR', 'NEW']
anchors:  [ 9 10]
true_p:  [0.05612697 0.94387303]
true_x:  [0.58532713 0.22395262]
true_y:  0.003472723300453339
Simulation Runtime:  0.012660026550292969
opt_anchors:  [10 14]
opt_x:  [0.24262807 1.        ]
opt_p:  [0.96714734 0.03285266]
opt_y:  0.003472723257639374
optimal anchors:  [ 9 10]
optimal p:  [0.21927989 0.78072023]
optimal x:  [0.15109587 0.06082105]
optimal y:  0.0034717387598836138
Jaccard:  1.0
