['Scalopus_aquaticus', 'Camelus_dromedarius', 'Xerus_inauris']
anchors:  [186 237 309]
true_p:  [0.31304612 0.37901183 0.30794205]
true_x:  [0.59078235 0.78087423 0.12668265]
true_y:  0.03966494181182374
Simulation Runtime:  0.36699485778808594
