['Teleost_Euteleost_Eupercaria_Centrarchiformes_Terapontidae_Terapon_jarbua', 'Teleost_Euteleost_Zeiogadaria_Gadiformes_Gadidae_Boreogadus_saida', 'Teleost_Euteleost_Zeiogadaria_Gadiformes_Gadidae_Merlangius_merlangus']
anchors:  [246 401 403]
true_p:  [0.32216023 0.32059822 0.35724156]
true_x:  [0.56016038 0.75719577 0.77919128]
true_y:  0.025712801669548205
Simulation Runtime:  0.7054345607757568
