['Eulemur_flavifrons', 'Spermophilus_dauricus', 'Hystrix_cristata']
anchors:  [117 187 191]
true_p:  [0.32216023 0.35724156 0.32059822]
true_x:  [0.26810062 0.63994016 0.16401993]
true_y:  0.034380127145319093
Simulation Runtime:  0.373044490814209
