['Eidolon_helvum', 'Loxodonta_africana', 'Dolichotis_patagonum']
anchors:  [ 17 213 289]
true_p:  [0.01455541 0.44444061 0.54100398]
true_x:  [0.96796064 0.91680436 0.96275412]
true_y:  0.03581492694449749
Simulation Runtime:  0.3382115364074707
