['Acomys_cahirinus', 'Pithecia_pithecia', 'Ctenomys_sociabilis']
anchors:  [ 82 162 200]
true_p:  [0.60242308 0.05894187 0.33863505]
true_x:  [0.81013519 0.83436152 0.7733766 ]
true_y:  0.03812803674112471
Simulation Runtime:  0.5064311027526855
