['Teleost_Osteoglossiformes_Osteoglossiformes_Osteoglossidae_Scleropages_formosus', 'Teleost_Euteleost_Ovalentaria_Blenniiformes_Tripterygiidae_Enneanectes_sp', 'Teleost_Otophysa_Siluriformes_Amblycipitidae_Liobagrus_styani']
anchors:  [106 506 581]
true_p:  [0.46351382 0.07751831 0.45896786]
true_x:  [0.68119832 0.76085022 0.28379598]
true_y:  0.08064427597431155
Simulation Runtime:  0.7296347618103027
