['Tetraodontidae_Sphoeroides_spengleri_UPRFL0410', 'Monacanthidae_Aluterus_heudelotii_USNMAD9NE01']
anchors:  [122 297]
true_p:  [0.43750727 0.56249273]
true_x:  [0.37334564 0.83688287]
true_y:  0.004252586794105939
Simulation Runtime:  1.5000319480895996
