['Orukwaensis__LakeRukwa__24-2012', 'Goldenchambo__LakeIkapu__G7B1']
anchors:  [60 72]
true_p:  [0.63861457 0.36138543]
true_x:  [0.34930689 0.35811168]
true_y:  0.0016306859887228612
Simulation Runtime:  0.049515724182128906
