['Scalopus_aquaticus', 'Camelus_dromedarius', 'Xerus_inauris']
anchors:  [186 237 309]
true_p:  [0.49182783 0.01029159 0.49788057]
true_x:  [0.59078235 0.78087423 0.12668265]
true_y:  0.02740807119113912
Simulation Runtime:  0.5074968338012695
