['Tetraodontidae_Sphoeroides_spengleri_UPRFL0410', 'Monacanthidae_Aluterus_heudelotii_USNMAD9NE01', 'Monacanthidae_Meuschenia_trachylepis_EPLATE_53_G01']
anchors:  [122 278 295]
true_p:  [0.35538777 0.18769858 0.45691364]
true_x:  [0.37334564 0.7226768  0.83688287]
true_y:  0.004475462572539007
Simulation Runtime:  0.11241888999938965
