['Teleost_Euteleost_Salmoniformes_Salmonidae_Salmo_salar', 'Teleost_Euteleost_Zeiogadaria_Gadiformes_Gadidae_Melanogrammus_aeglefinus', 'Teleost_Euteleost_Eupercaria_Perciformes_Cyclopteridae_Cyclopterus_lumpus']
anchors:  [293 401 477]
true_p:  [0.49182783 0.49788057 0.01029159]
true_x:  [0.40533343 0.76201836 0.34024914]
true_y:  0.02986590279701653
Simulation Runtime:  0.7147538661956787
