['MANVI', 'TAEGU', 'PELCR']
anchors:  [15 16 50]
true_p:  [0.12755014 0.53047745 0.34197241]
true_x:  [0.82992417 0.60324745 0.97685939]
true_y:  0.045346109607160394
Simulation Runtime:  0.01835489273071289
opt_anchors:  [16 18 50]
opt_x:  [0.61894442 0.99976432 0.97685551]
opt_p:  [0.5522808  0.10562909 0.34209012]
opt_y:  0.045342011468962294
optimal anchors:  [15 16 50]
optimal p:  [0.36843985 0.28950486 0.34205529]
optimal x:  [0.28687173 0.27307029 0.97683839]
optimal y:  0.0453440918623456
Jaccard:  1.0
