['Helogale_parvula', 'Eidolon_helvum', 'Felis_nigripes']
anchors:  [293 407 418]
true_p:  [0.16225249 0.4363783  0.40136921]
true_x:  [0.96275412 0.84856414 0.50513578]
true_y:  0.012463716617639656
Simulation Runtime:  0.48831748962402344
