['Tupaia_chinensis', 'Hipposideros_galeritus', 'Anoura_caudifer']
anchors:  [ 35 279 299]
true_p:  [0.35538777 0.18769858 0.45691364]
true_x:  [0.10361578 0.78839759 0.32397765]
true_y:  0.026446505069964356
Simulation Runtime:  0.5062506198883057
