['Ponana_quadralaba', 'Caliscelis_bonelli', 'Nabis_subcoleoptratus']
anchors:  [ 61 125 156]
true_p:  [0.39111592 0.38884224 0.22004183]
true_x:  [0.6451459  0.86707278 0.51082532]
true_y:  0.05775943266407778
Simulation Runtime:  0.1964571475982666
