['Monacanthidae_Paramonacanthus_oblongus_EPLATE_53_E01', 'Balistidae_Balistes_vetula_UPRFL0353']
anchors:  [189 234]
true_p:  [0.43092077 0.56907923]
true_x:  [0.20222244 0.88353048]
true_y:  0.0036232029947412987
Simulation Runtime:  0.10947704315185547
