['Teleost_Euteleost_Salmoniformes_Salmonidae_Salmo_salar', 'Teleost_Euteleost_Zeiogadaria_Gadiformes_Gadidae_Melanogrammus_aeglefinus', 'Teleost_Euteleost_Eupercaria_Perciformes_Cyclopteridae_Cyclopterus_lumpus']
anchors:  [293 401 477]
true_p:  [0.3623241  0.37877081 0.25890509]
true_x:  [0.40533343 0.76201836 0.34024914]
true_y:  0.03179610509650595
Simulation Runtime:  0.5509908199310303
