['Helogale_parvula', 'Eidolon_helvum', 'Felis_nigripes']
anchors:  [293 407 418]
true_p:  [0.477998   0.44023828 0.08176372]
true_x:  [0.96275412 0.84856414 0.50513578]
true_y:  0.020800925075736283
Simulation Runtime:  0.3775217533111572
