['Monacanthidae_Thamnaconus_tessellatus_EPLATE_53_D03', 'Diodontidae_Chilomycterus_antennatus_USNMAC2WT95']
anchors:  [ 46 290]
true_p:  [0.27103933 0.72896067]
true_x:  [0.55232772 0.48144312]
true_y:  0.004327145799275833
Simulation Runtime:  0.11784577369689941
