['Tetraodontidae_Sphoeroides_spengleri_UPRFL0410', 'Triacanthodidae_Paratriacanthodes_retrospinis_EPLATE_53_B04', 'Diodontidae_Diodon_nicthemerus_EPLATE_52_A12']
anchors:  [ 52 120 152]
true_p:  [0.32516854 0.3951752  0.27965626]
true_x:  [0.91360484 0.37334564 0.52862191]
true_y:  0.0035991320953977974
Simulation Runtime:  1.5932886600494385
