['Teleost_Euteleost_Eupercaria_Perciformes_Scorpaenidae_Pontinus_castor', 'Teleost_Euteleost_Beryciformes_Rondeletiidae_Rondeletia_loricata', 'Teleost_Otophysa_Cypriniformes_Danionidae_Danio_rerio']
anchors:  [280 381 534]
true_p:  [0.17083696 0.67008034 0.1590827 ]
true_x:  [0.92905951 0.80917104 0.22337522]
true_y:  0.03834280535239755
Simulation Runtime:  0.8982367515563965
