['Tetraodontidae_Sphoeroides_spengleri_UPRFL0410', 'Monacanthidae_Aluterus_heudelotii_USNMAD9NE01', 'Monacanthidae_Meuschenia_trachylepis_EPLATE_53_G01']
anchors:  [122 278 295]
true_p:  [0.58287271 0.11762172 0.29950557]
true_x:  [0.37334564 0.7226768  0.83688287]
true_y:  0.0033573423186880206
Simulation Runtime:  1.4324243068695068
