['Eulemur_flavifrons', 'Spermophilus_dauricus', 'Hystrix_cristata']
anchors:  [117 187 191]
true_p:  [0.58078132 0.38792949 0.03128919]
true_x:  [0.26810062 0.63994016 0.16401993]
true_y:  0.010292712083558527
Simulation Runtime:  0.27191925048828125
