['Monacanthidae_Thamnaconus_tessellatus_EPLATE_53_D03', 'Diodontidae_Chilomycterus_antennatus_USNMAC2WT95', 'Monacanthidae_Pseudomonacanthus_elongatus_EPLATE_51_H09']
anchors:  [ 46 250 288]
true_p:  [0.37975157 0.22856125 0.39168718]
true_x:  [0.55232772 0.04208008 0.48144312]
true_y:  0.004534783394534873
Simulation Runtime:  0.09847068786621094
