['Tetraodontidae_Canthigaster_cyanospilota_EPLATE_51_B07', 'Monocanthidae_Cantheschenia_grandisquamis_EPLATE_53_C03', 'Ostraciidae_Lactophrys_triqueter_UPRFL0072']
anchors:  [ 35  74 270]
true_p:  [0.17054669 0.55839945 0.27105385]
true_x:  [0.10345559 0.08948872 0.50837705]
true_y:  0.0024971111346033443
Simulation Runtime:  0.12665271759033203
