['Teleost_Euteleost_Eupercaria_Labriformes_Scaridae_Scarus_iseri', 'Teleost_Euteleost_Pelagiaria_Scombriformes_Scombridae_Thunnus_albacares', 'Teleost_Euteleost_Ovalentaria_Mugiliformes_Mugilidae_Liza_haematocheila']
anchors:  [126 259 327]
true_p:  [0.32588143 0.60291961 0.07119896]
true_x:  [0.4268604  0.06720073 0.09897097]
true_y:  0.01608032277853651
Simulation Runtime:  0.48885273933410645
