['Teleost_Euteleost_Eupercaria_Labriformes_Scaridae_Scarus_iseri', 'Teleost_Euteleost_Pelagiaria_Scombriformes_Scombridae_Thunnus_albacares', 'Teleost_Euteleost_Ovalentaria_Mugiliformes_Mugilidae_Liza_haematocheila']
anchors:  [126 259 327]
true_p:  [0.39111592 0.38884224 0.22004183]
true_x:  [0.4268604  0.06720073 0.09897097]
true_y:  0.017295825005595705
Simulation Runtime:  0.6084902286529541
