['Teleost_Euteleost_Ovalentaria_Cichliformes_Cichlidae_Rhamphochromis_esox', 'Teleost_Euteleost_Ovalentaria_Pomacentridae_Dascyllus_trimaculatus', 'Teleost_Euteleost_Ovalentaria_Gobiescociformes_Gobiesocidae_Tomicodon_sp']
anchors:  [ 88 104 115]
true_p:  [0.23298026 0.2628368  0.50418294]
true_x:  [0.92898496 0.18994867 0.63743287]
true_y:  0.03283379550747629
Simulation Runtime:  0.5424258708953857
