['Monacanthidae_Paramonacanthus_oblongus_EPLATE_53_E01', 'Balistidae_Balistes_vetula_UPRFL0353', 'Lophiidae_Lophiomus_cf_setigerus_EPLATE_47_G05']
anchors:  [140 187 232]
true_p:  [0.49182783 0.49788057 0.01029159]
true_x:  [0.86714891 0.20222244 0.88353048]
true_y:  0.012988002292482984
Simulation Runtime:  0.12488675117492676
