['MANVI', 'TAEGU']
anchors:  [15 16]
true_p:  [0.94387303 0.05612697]
true_x:  [0.82992417 0.60324745]
true_y:  0.06776659026093629
Simulation Runtime:  0.016626834869384766
opt_anchors:  [16 18]
opt_x:  [0.89721762 1.        ]
opt_p:  [0.21665696 0.78334304]
opt_y:  0.06776659026093632
optimal anchors:  [15 16]
optimal p:  [0.82907481 0.17092515]
optimal x:  [0.94484007 0.86971764]
optimal y:  0.0677666130466536
Jaccard:  1.0

