['Okarongae__MbambaBay__OR1A3', 'Otanganicae__Katanga__42']
anchors:  [43 71]
true_p:  [0.91087844 0.08912156]
true_x:  [0.04167449 0.40253536]
true_y:  0.0009480162756137272
Simulation Runtime:  0.05008411407470703
