['Monacanthidae_Thamnaconus_tessellatus_EPLATE_53_D03', 'Teleost_Euteleost_Eupercaria_Tetraodontiformes_Ostraciidae_Ostracion_rhinorhynchos', 'Monacanthidae_Pervagor_janthinosoma_EPLATE_53_A06']
anchors:  [ 22 217 288]
true_p:  [0.29353118 0.63492331 0.07154552]
true_x:  [0.56237624 0.5757377  0.48144312]
true_y:  0.0053380926834289254
Simulation Runtime:  1.1226930618286133
