['Triacanthidae_Triacanthus_nieuhofi_EPLATE_51_E11', 'Tetraodontidae_Canthigaster_solandri_KU7224', 'Balistidae_Rhinecanthus_lunula_USNMAG5NP92']
anchors:  [ 81 163 195]
true_p:  [0.60242308 0.05894187 0.33863505]
true_x:  [0.33871528 0.78035701 0.09238656]
true_y:  0.0032807704850643616
Simulation Runtime:  0.13280248641967773
