['Orukwaensis__LakeRukwa__24-2012', 'Goldenchambo__LakeIkapu__G7B1']
anchors:  [60 72]
true_p:  [0.60007651 0.39992349]
true_x:  [0.34930689 0.35811168]
true_y:  0.0016831760289270335
Simulation Runtime:  0.04380035400390625
