['Monacanthidae_Thamnaconus_tessellatus_EPLATE_53_D03', 'Diodontidae_Chilomycterus_antennatus_USNMAC2WT95']
anchors:  [ 46 290]
true_p:  [0.49226406 0.50773594]
true_x:  [0.55232772 0.48144312]
true_y:  0.005535254045605026
Simulation Runtime:  0.10870695114135742
