['Tetraodontidae_Takifugu_niphobles_EPLATE_67_F07', 'Balistidae_Balistoides_viridescens_USNMAG9RF59', 'Monacanthidae_Amanses_scopas_USNMAG5NQ54']
anchors:  [132 169 255]
true_p:  [0.17083696 0.67008034 0.1590827 ]
true_x:  [0.11246325 0.50464266 0.31088296]
true_y:  0.010567283734213133
Simulation Runtime:  0.1550450325012207
