['Tetraodontidae_Sphoeroides_spengleri_UPRFL0410', 'Triacanthodidae_Paratriacanthodes_retrospinis_EPLATE_53_B04']
anchors:  [122 154]
true_p:  [0.63861457 0.36138543]
true_x:  [0.37334564 0.52862191]
true_y:  0.0017366129900553196
Simulation Runtime:  1.516005516052246
