['Tetraodontidae_Sphoeroides_spengleri_UPRFL0410', 'Triacanthodidae_Paratriacanthodes_retrospinis_EPLATE_53_B04', 'Diodontidae_Diodon_nicthemerus_EPLATE_52_A12']
anchors:  [ 52 120 152]
true_p:  [0.39111592 0.38884224 0.22004183]
true_x:  [0.91360484 0.37334564 0.52862191]
true_y:  0.003924275723139799
Simulation Runtime:  0.1340799331665039
