['Teleost_Euteleost_Eupercaria_Centrarchiformes_Terapontidae_Terapon_jarbua', 'Teleost_Euteleost_Zeiogadaria_Gadiformes_Gadidae_Boreogadus_saida', 'Teleost_Euteleost_Zeiogadaria_Gadiformes_Gadidae_Merlangius_merlangus']
anchors:  [246 401 403]
true_p:  [0.15415795 0.38100669 0.46483536]
true_x:  [0.56016038 0.75719577 0.77919128]
true_y:  0.01892450721473534
Simulation Runtime:  0.5442864894866943
