['Tupaia_chinensis', 'Hipposideros_galeritus', 'Anoura_caudifer']
anchors:  [ 35 279 299]
true_p:  [0.40268456 0.45417867 0.14313677]
true_x:  [0.10361578 0.78839759 0.32397765]
true_y:  0.030502338183111505
Simulation Runtime:  0.372692346572876
