['Monacanthidae_Paramonacanthus_oblongus_EPLATE_53_E01', 'Balistidae_Balistes_vetula_UPRFL0353', 'Lophiidae_Lophiomus_cf_setigerus_EPLATE_47_G05', 'Tetraodontidae_Canthigaster_axiologus_USNMAG9RT89', 'Tetraodontidae_Lagocephalus_laevigatus_UPRFL1635']
anchors:  [ 76  99 136 183 228]
true_p:  [0.10423164 0.11068163 0.3861275  0.39087943 0.00807979]
true_x:  [0.0773465  0.75131189 0.86714891 0.20222244 0.88353048]
true_y:  0.010805554197108764
Simulation Runtime:  0.1459362506866455
