['Tetraodontidae_Sphoeroides_spengleri_UPRFL0410', 'Monacanthidae_Aluterus_heudelotii_USNMAD9NE01']
anchors:  [122 297]
true_p:  [0.6605701 0.3394299]
true_x:  [0.37334564 0.83688287]
true_y:  0.003079722417412057
Simulation Runtime:  0.10584378242492676
