['Ostraciidae_Acanthostracion_polygonius_USNMAC2WV43', 'Teleost_Euteleost_Eupercaria_Tetraodontiformes_Diodontidae_Diodon_holocanthus', 'Diodontidae_Chilomycterus_schoepfii_USNMAC2WQ63']
anchors:  [31 45 49]
true_p:  [0.43100234 0.54336831 0.02562935]
true_x:  [0.35539175 0.16258497 0.14161101]
true_y:  0.001979647753854635
Simulation Runtime:  0.125535249710083
