['Teleost_Euteleost_Eupercaria_Perciformes_Scorpaenidae_Pontinus_castor', 'Teleost_Euteleost_Beryciformes_Rondeletiidae_Rondeletia_loricata', 'Teleost_Otophysa_Cypriniformes_Danionidae_Danio_rerio']
anchors:  [280 381 534]
true_p:  [0.14844224 0.82711786 0.02443989]
true_x:  [0.92905951 0.80917104 0.22337522]
true_y:  0.029566847488384104
Simulation Runtime:  0.4857800006866455
