['Tetraodontidae_Sphoeroides_marmoratus_USNMAD9NE03', 'Balistidae_Pseudobalistes_fuscus_USNMAG9RP93']
anchors:  [120 187]
true_p:  [0.47418219 0.52581781]
true_x:  [0.13208771 0.12153144]
true_y:  0.0019522162244983146
Simulation Runtime:  0.14568066596984863
