['Tetraodontidae_Sphoeroides_marmoratus_USNMAD9NE03', 'Balistidae_Pseudobalistes_fuscus_USNMAG9RP93', 'Balistidae_Balistes_polylepis_USNMAG7PC77']
anchors:  [120 187 189]
true_p:  [0.41998793 0.42868278 0.15132928]
true_x:  [0.13208771 0.12153144 0.6231703 ]
true_y:  0.002000869588830168
Simulation Runtime:  1.5256617069244385
