['Tetraodontidae_Sphoeroides_spengleri_UPRFL0410', 'Triacanthodidae_Paratriacanthodes_retrospinis_EPLATE_53_B04']
anchors:  [122 154]
true_p:  [0.58559095 0.41440905]
true_x:  [0.37334564 0.52862191]
true_y:  0.001801407860260065
Simulation Runtime:  0.1075129508972168
