['Tetraodontidae_Takifugu_niphobles_EPLATE_67_F07', 'Balistidae_Balistoides_viridescens_USNMAG9RF59', 'Monacanthidae_Amanses_scopas_USNMAG5NQ54']
anchors:  [132 169 255]
true_p:  [0.31297789 0.34396385 0.34305825]
true_x:  [0.11246325 0.50464266 0.31088296]
true_y:  0.008261385542573404
Simulation Runtime:  1.284592628479004
