['Nasalis_larvatus', 'Rousettus_aegyptiacus', 'Vulpes_lagopus']
anchors:  [ 71 291 425]
true_p:  [0.55839945 0.27105385 0.17054669]
true_x:  [0.96019996 0.95306974 0.08770381]
true_y:  0.01479912046362054
Simulation Runtime:  0.3701348304748535
