['Nasalis_larvatus', 'Rousettus_aegyptiacus', 'Vulpes_lagopus']
anchors:  [ 71 291 425]
true_p:  [0.11893599 0.40574498 0.47531903]
true_x:  [0.96019996 0.95306974 0.08770381]
true_y:  0.020596393229083423
Simulation Runtime:  0.3763163089752197
