['Monacanthidae_Thamnaconus_tessellatus_EPLATE_53_D03', 'Diodontidae_Chilomycterus_antennatus_USNMAC2WT95', 'Monacanthidae_Pseudomonacanthus_elongatus_EPLATE_51_H09']
anchors:  [ 46 250 288]
true_p:  [0.16225249 0.40136921 0.4363783 ]
true_x:  [0.55232772 0.04208008 0.48144312]
true_y:  0.0030551482644504448
Simulation Runtime:  0.12465429306030273
