['Teleost_Euteleost_Eupercaria_Centrarchiformes_Terapontidae_Terapon_jarbua', 'Teleost_Euteleost_Zeiogadaria_Gadiformes_Gadidae_Boreogadus_saida']
anchors:  [246 402]
true_p:  [0.24904623 0.75095377]
true_x:  [0.56016038 0.77919128]
true_y:  0.021528495812295195
Simulation Runtime:  0.5210897922515869
