['Teleost_Euteleost_Carangaria_Centropomidae_Centropomus_undecimalis', 'Teleost_Osteoglossiformes_Osteoglossiformes_Notopteridae_Papyrocranus_afer', 'Teleost_Euteleost_Ovalentaria_Cichliformes_Cichlidae_Maylandia_zebra']
anchors:  [ 85 130 581]
true_p:  [0.17054669 0.55839945 0.27105385]
true_x:  [0.45404412 0.91317907 0.75496881]
true_y:  0.0769138806976569
Simulation Runtime:  0.6768753528594971
