['Hippopotamus_amphibius', 'Perognathus_longimembris', 'Capra_aegagrus']
anchors:  [129 319 377]
true_p:  [0.12875784 0.09781532 0.77342685]
true_x:  [0.32657181 0.82028103 0.12917991]
true_y:  0.017091265225522196
Simulation Runtime:  0.3919346332550049
