['Tupaia_chinensis', 'Microtus_ochrogaster', 'Macaca_fascicularis']
anchors:  [ 35  60 150]
true_p:  [0.16092907 0.796015   0.04305593]
true_x:  [0.10361578 0.77861446 0.58563997]
true_y:  0.005671806321677115
Simulation Runtime:  0.3884611129760742
