['Eidolon_helvum', 'Loxodonta_africana', 'Dolichotis_patagonum']
anchors:  [ 17 213 289]
true_p:  [0.59056872 0.17646831 0.23296297]
true_x:  [0.96796064 0.91680436 0.96275412]
true_y:  0.051670258538027966
Simulation Runtime:  0.41553330421447754
