['Teleost_Euteleost_Ovalentaria_Cichliformes_Cichlidae_Rhamphochromis_esox', 'Teleost_Euteleost_Ovalentaria_Pomacentridae_Dascyllus_trimaculatus', 'Teleost_Euteleost_Ovalentaria_Gobiescociformes_Gobiesocidae_Tomicodon_sp']
anchors:  [ 88 104 115]
true_p:  [0.43100234 0.54336831 0.02562935]
true_x:  [0.92898496 0.18994867 0.63743287]
true_y:  0.04735271784964323
Simulation Runtime:  0.5457837581634521
