['Tetraodontidae_Sphoeroides_marmoratus_USNMAD9NE03', 'Balistidae_Pseudobalistes_fuscus_USNMAG9RP93', 'Balistidae_Balistes_polylepis_USNMAG7PC77']
anchors:  [120 187 189]
true_p:  [0.32216023 0.35724156 0.32059822]
true_x:  [0.13208771 0.12153144 0.6231703 ]
true_y:  0.001960482456966827
Simulation Runtime:  0.13301491737365723
