['Tupaia_chinensis', 'Microtus_ochrogaster', 'Macaca_fascicularis']
anchors:  [ 35  60 150]
true_p:  [0.38884224 0.39111592 0.22004183]
true_x:  [0.10361578 0.77861446 0.58563997]
true_y:  0.016010584839580698
Simulation Runtime:  0.3640108108520508
